After insertion(1,11,5) : (1 11)  (5 0)
After insertion(2,6,7) : (1 11)  (5 6)  (7 0)
After insertion(3,13,9) : (1 11)  (3 13)  (5 13)  (7 13)  (9 0)
After insertion(12,7,16) : (1 11)  (3 13)  (5 13)  (7 13)  (9 0)  (12 7)  (16 0)
After insertion(14,3,25) : (1 11)  (3 13)  (5 13)  (7 13)  (9 0)  (12 7)  (16 3)  (25 0)
After insertion(19,18,22) : (1 11)  (3 13)  (5 13)  (7 13)  (9 0)  (12 7)  (16 3)  (19 18)  (22 3)  (25 0)
After insertion(23,13,29) : (1 11)  (3 13)  (5 13)  (7 13)  (9 0)  (12 7)  (16 3)  (19 18)  (22 3)  (23 13)  (25 13)  (29 0)
After insertion(24,4,28) : (1 11)  (3 13)  (5 13)  (7 13)  (9 0)  (12 7)  (16 3)  (19 18)  (22 3)  (23 13)  (25 13)  (29 0)
After insertion(28,10,39) : (1 11)  (3 13)  (5 13)  (7 13)  (9 0)  (12 7)  (16 3)  (19 18)  (22 3)  (23 13)  (25 13)  (29 10)  (39 0)
After insertion(39,20,39) : (1 11)  (3 13)  (5 13)  (7 13)  (9 0)  (12 7)  (16 3)  (19 18)  (22 3)  (23 13)  (25 13)  (29 10)  (39 20)  (39 0)
After insertion(39,20,39) : (1 11)  (3 13)  (5 13)  (7 13)  (9 0)  (12 7)  (16 3)  (19 18)  (22 3)  (23 13)  (25 13)  (29 10)  (39 20)  (39 0)
After insertion(40,10,50) : (1 11)  (3 13)  (5 13)  (7 13)  (9 0)  (12 7)  (16 3)  (19 18)  (22 3)  (23 13)  (25 13)  (29 10)  (39 20)  (39 0)  (40 10)  (50 0)
After insertion(100,2,101) : (1 11)  (3 13)  (5 13)  (7 13)  (9 0)  (12 7)  (16 3)  (19 18)  (22 3)  (23 13)  (25 13)  (29 10)  (39 20)  (39 0)  (40 10)  (50 0)  (100 2)  (101 0)
After insertion(101,2,300) : (1 11)  (3 13)  (5 13)  (7 13)  (9 0)  (12 7)  (16 3)  (19 18)  (22 3)  (23 13)  (25 13)  (29 10)  (39 20)  (39 0)  (40 10)  (50 0)  (100 2)  (101 2)  (300 0)
After insertion(300,2,500) : (1 11)  (3 13)  (5 13)  (7 13)  (9 0)  (12 7)  (16 3)  (19 18)  (22 3)  (23 13)  (25 13)  (29 10)  (39 20)  (39 0)  (40 10)  (50 0)  (100 2)  (101 2)  (300 2)  (500 0)
After insertion(500,1,520) : (1 11)  (3 13)  (5 13)  (7 13)  (9 0)  (12 7)  (16 3)  (19 18)  (22 3)  (23 13)  (25 13)  (29 10)  (39 20)  (39 0)  (40 10)  (50 0)  (100 2)  (101 2)  (300 2)  (500 1)  (520 0)
After insertion(510,1,540) : (1 11)  (3 13)  (5 13)  (7 13)  (9 0)  (12 7)  (16 3)  (19 18)  (22 3)  (23 13)  (25 13)  (29 10)  (39 20)  (39 0)  (40 10)  (50 0)  (100 2)  (101 2)  (300 2)  (500 1)  (520 1)  (540 0)
After insertion(541,5,542) : (1 11)  (3 13)  (5 13)  (7 13)  (9 0)  (12 7)  (16 3)  (19 18)  (22 3)  (23 13)  (25 13)  (29 10)  (39 20)  (39 0)  (40 10)  (50 0)  (100 2)  (101 2)  (300 2)  (500 1)  (520 1)  (540 0)  (541 5)  (542 0)
After insertion(542,4,542) : (1 11)  (3 13)  (5 13)  (7 13)  (9 0)  (12 7)  (16 3)  (19 18)  (22 3)  (23 13)  (25 13)  (29 10)  (39 20)  (39 0)  (40 10)  (50 0)  (100 2)  (101 2)  (300 2)  (500 1)  (520 1)  (540 0)  (541 5)  (542 0)
After insertion(550,4,560) : (1 11)  (3 13)  (5 13)  (7 13)  (9 0)  (12 7)  (16 3)  (19 18)  (22 3)  (23 13)  (25 13)  (29 10)  (39 20)  (39 0)  (40 10)  (50 0)  (100 2)  (101 2)  (300 2)  (500 1)  (520 1)  (540 0)  (541 5)  (542 0)  (550 4)  (560 0)
1 11 3 13 9 0 12 7 16 3 19 18 22 3 23 13 29 10 39 20 39 0 40 10 50 0 100 2 500 1 540 0 541 5 542 0 550 4 560 0
