After insertion(-5,5,1) : -5 5,1 0
After insertion(1,6,2) : -5 5,1 6,2 0
After insertion(1,2,7) : -5 5,1 6,2 2,7 0
After insertion(3,12,10) : -5 5,1 6,2 2,3 12,7 12,10 0
After insertion(4,3,5) : -5 5,1 6,2 2,3 12,5 2,7 12,10 0
After insertion(7,5,20) : -5 5,1 6,2 2,3 12,5 2,7 12,10 5,20 0
After insertion(8,15,12) : -5 5,1 6,2 2,3 12,5 2,7 12,8 15,10 15,12 5,20 0
After insertion(11,12,13) : -5 5,1 6,2 2,3 12,5 2,7 12,8 15,10 15,12 12,13 5,20 0
After insertion(16,14,19) : -5 5,1 6,2 2,3 12,5 2,7 12,8 15,10 15,12 12,13 5,16 14,19 5,20 0
After insertion(21,2,22) : -5 5,1 6,2 2,3 12,5 2,7 12,8 15,10 15,12 12,13 5,16 14,19 5,20 0,21 2,22 0
After insertion(23,1,30) : -5 5,1 6,2 2,3 12,5 2,7 12,8 15,10 15,12 12,13 5,16 14,19 5,20 0,21 2,22 0,23 1,30 0
After insertion(26,10,28) : -5 5,1 6,2 2,3 12,5 2,7 12,8 15,10 15,12 12,13 5,16 14,19 5,20 0,21 2,22 0,23 1,26 10,28 1,30 0
After insertion(26,12,27) : -5 5,1 6,2 2,3 12,5 2,7 12,8 15,10 15,12 12,13 5,16 14,19 5,20 0,21 2,22 0,23 1,26 12,27 10,28 1,30 0
After insertion(32,5,36) : -5 5,1 6,2 2,3 12,5 2,7 12,8 15,10 15,12 12,13 5,16 14,19 5,20 0,21 2,22 0,23 1,26 12,27 10,28 1,30 0,32 5,36 0
After insertion(34,3,38) : -5 5,1 6,2 2,3 12,5 2,7 12,8 15,10 15,12 12,13 5,16 14,19 5,20 0,21 2,22 0,23 1,26 12,27 10,28 1,30 0,32 5,36 3,38 0
After insertion(34,3,40) : -5 5,1 6,2 2,3 12,5 2,7 12,8 15,10 15,12 12,13 5,16 14,19 5,20 0,21 2,22 0,23 1,26 12,27 10,28 1,30 0,32 5,36 3,38 3,40 0
After insertion(37,2,42) : -5 5,1 6,2 2,3 12,5 2,7 12,8 15,10 15,12 12,13 5,16 14,19 5,20 0,21 2,22 0,23 1,26 12,27 10,28 1,30 0,32 5,36 3,38 3,40 2,42 0
After insertion(38,2,44) : -5 5,1 6,2 2,3 12,5 2,7 12,8 15,10 15,12 12,13 5,16 14,19 5,20 0,21 2,22 0,23 1,26 12,27 10,28 1,30 0,32 5,36 3,38 3,40 2,42 2,44 0
After insertion(45,1,46) : -5 5,1 6,2 2,3 12,5 2,7 12,8 15,10 15,12 12,13 5,16 14,19 5,20 0,21 2,22 0,23 1,26 12,27 10,28 1,30 0,32 5,36 3,38 3,40 2,42 2,44 0,45 1,46 0
-5 5,1 6,2 2,3 12,5 2,7 12,8 15,10 15,12 12,13 5,16 14,19 5,20 0,21 2,22 0,23 1,26 12,27 10,28 1,30 0,32 5,36 3,38 3,40 2,42 2,44 0,45 1,46 0
